8.067
8
8.095
7.98
7.865
7.873
7.876
7.737
7.677
7.621
7.564
7.542
7.594
7.571
7.497
7.468
7.456
7.46
7.495
7.482
7.485
7.519
7.564
7.575
7.528
7.511
7.598
7.578
7.549
7.599
7.692
7.659
7.756
7.78
7.932
8.229
8.382
8.514
8.737
9.057
9.358
9.857
10.159
11.027
11.828
13.664
19.673
21.227
0
26.534
19.785
16.207
14.131
12.882
11.728
10.97
10.497
9.871
9.194
9.22
8.716
8.588
8.286
8.169
8.113
7.99
7.827
7.637
7.665
7.696
7.598
7.573
7.536
7.502
7.488
7.419
7.469
7.446
7.513
7.505
7.533
7.51
7.604
7.557
7.586
7.719
7.593
7.648
7.665
7.738
7.725
7.832
7.836
7.928
7.944
8.14
7.965
8.017
0
0
0
0
6.073
5.604
5.990
8.132
0
6.396
5.899
5.822